(1,1,1,'eyeroll'),
(2,1,2,'sigh'),
(3,1,3,'groan'),
(4,1,4,'no'),
(5,1,5,'panic'),
(6,1,6,'eyeroll'),
(7,1,7,'eyeroll'),
(8,1,8,'sigh'),
(9,1,9,'groan'),
(10,1,10,'panic'),
(11,1,11,'wut'),
(12,1,12,'eyeroll'),
(13,1,13,'wut'),
(14,1,14,'sigh'),
(15,1,15,'groan'),
(16,1,16,'groan'),
(17,1,17,'eyeroll'),
(18,1,18,'eyeroll'),
(19,1,19,'groan'),
(20,1,20,'groan'),
(21,1,21,'groan'),
(22,1,22,'eyeroll'),
(23,1,23,'sigh'),
(24,1,24,'groan'),
(25,1,25,'wut'),
(26,1,26,'eyeroll'),
(27,1,27,'groan'),
(28,1,28,'eyeroll'),
(29,1,29,'groan'),
(30,1,30,'eyeroll'),
(31,1,31,'panic'),
(32,1,32,'groan'),
(33,1,33,'eyeroll'),
(34,1,34,'sigh'),
(35,1,35,'panic'),
(36,1,36,'groan'),
(37,1,37,'sigh'),
(38,1,38,'eyeroll'),
(39,1,39,'groan'),
(40,1,40,'panic'),
(41,1,41,'eyeroll'),
(42,1,42,'groan'),
(43,1,43,'groan'),
(44,1,44,'eyeroll'),
(45,1,45,'panic'),
(46,1,46,'groan'),
(47,1,47,'panic'),
(48,1,48,'groan'),
(49,1,49,'no'),
(50,1,50,'eyeroll'),
(51,1,51,'eyeroll'),
(52,1,52,'panic'),
(53,1,53,'sigh'),
(54,1,54,'eyeroll'),
(55,1,55,'wut'),
(56,1,56,'sigh'),
(57,1,57,'eyeroll'),
(58,1,58,'wut'),
(59,1,59,'eyeroll'),
(60,1,60,'panic'),
(61,1,61,'eyeroll'),
(62,1,62,'groan'),
(63,1,63,'panic'),
(64,1,64,'panic'),
(65,1,65,'panic'),
(66,1,66,'wut'),
(67,1,67,'groan'),
(68,1,68,'groan'),
(69,1,69,'eyeroll'),
(70,1,70,'groan'),
(71,1,71,'groan'),
(72,1,72,'wut'),
(73,1,73,'sigh'),
(74,1,74,'eyeroll'),
(75,1,75,'eyeroll'),
(76,1,76,'groan'),
(77,1,77,'groan'),
(78,1,78,'eyeroll'),
(79,1,79,'panic'),
(80,1,80,'wut'),
(81,1,81,'sigh'),
(82,1,82,'eyeroll'),
(83,1,83,'eyeroll'),
(84,1,84,'groan'),
(85,1,85,'panic'),
(86,1,86,'groan'),
(87,1,87,'groan'),
(88,1,88,'wut'),
